0 9.81 15
1 10.64 16
2 11.14 17
3 11.84 17
4 12.25 17
5 12.83 17
6 13.29 17
7 13.45 17
8 13.67 18
9 13.73 18
10 14.06 18
11 14.09 18
12 14.03 18
13 14.2 18
14 14.61 17
15 14.69 18
16 15.06 18
17 15.29 18
18 15.36 18
19 15.29 18
20 15.25 18
21 15.16 19
22 15.0 19
23 15.33 19
24 15.37 17
25 15.38 18
26 15.46 18
27 15.64 18
28 15.7 18
29 15.9 18
30 15.98 18
31 16.05 19
32 16.06 18
33 16.06 19
34 16.09 19
35 16.4 19
36 16.3 18
37 16.3 19
38 16.48 19
39 16.54 19
40 16.64 19
41 16.63 18
42 16.64 19
43 16.75 19
44 16.9 19
45 16.9 19
